10000
311 487
335 366
44 481
221 932
185 594
125 907
356 626
410 547
500 688
650 348
569 185
434 274
209 519
827 6
533 543
374 733
440 91
881 833
623 960
524 279
359 712
746 78
398 730
149 374
65 391
587 449
464 295
590 532
800 109
488 132
299 621
977 354
452 616
239 161
215 544
506 971
329 903
365 671
425 290
194 339
140 37
50 942
893 980
974 54
116 3
341 826
716 291
17 577
176 849
110 780
662 310
920 114
26 325
191 693
797 541
152 257
401 461
485 160
956 306
86 159
953 68
743 344
62 230
251 17
566 170
98 692
311 303
335 442
44 623
221 830
185 246
125 834
356 201
410 94
500 550
650 405
569 790
434 696
209 258
827 699
533 972
374 144
440 486
881 128
623 666
524 97
359 267
746 847
398 304
149 680
65 438
587 668
464 573
590 894
800 523
488 958
299 800
977 85
452 402
239 76
215 254
506 744
329 715
365 792
425 175
194 885
140 375
50 629
893 264
974 133
116 859
341 169
716 454
17 488
176 604
110 296
662 770
920 921
26 967
191 948
797 414
152 938
401 28
485 794
956 651
86 515
953 51
743 286
62 384
251 777
566 593
98 669
311 811
335 709
44 361
221 288
185 860
125 407
356 269
410 326
500 931
650 356
569 95
434 788
209 220
827 628
533 26
374 318
440 24
881 839
623 394
524 166
359 737
746 46
398 93
149 312
65 590
587 952
464 369
590 198
800 377
488 108
299 891
977 806
452 516
239 289
215 101
506 222
329 107
365 653
425 991
194 678
140 959
50 41
893 897
974 240
116 403
341 314
716 69
17 582
176 45
110 852
662 497
920 752
26 625
191 309
797 873
152 510
401 855
485 214
956 197
86 139
953 293
743 56
62 479
251 456
566 964
98 234
311 969
335 427
44 44
221 614
185 682
125 914
356 298
410 249
500 551
650 643
569 605
434 534
209 585
827 759
533 297
374 11
440 736
881 805
623 278
524 474
359 263
746 892
398 47
149 331
65 127
587 428
464 282
590 429
800 520
488 244
299 358
977 571
452 418
239 893
215 285
506 146
329 962
365 755
425 342
194 751
140 387
50 494
893 38
974 183
116 795
341 889
716 330
17 886
176 613
110 444
662 102
920 460
26 919
191 491
797 321
152 738
401 284
485 905
956 150
86 917
953 15
743 691
62 65
251 627
566 785
98 503
311 186
335 512
44 334
221 841
185 870
125 793
356 413
410 700
500 213
650 956
569 324
434 455
209 726
827 419
533 134
374 100
440 981
881 292
623 815
524 664
359 618
746 637
398 174
149 647
65 560
587 791
464 934
590 73
800 537
488 302
299 204
977 808
452 992
239 916
215 774
506 876
329 227
365 300
425 725
194 181
140 319
50 262
893 654
974 232
116 493
341 797
716 368
17 957
176 562
110 270
662 564
920 746
26 194
191 422
797 848
152 542
401 495
485 276
956 995
86 633
953 219
743 390
62 211
251 480
566 694
98 779
311 72
335 299
44 487
221 366
185 481
125 932
356 594
410 907
500 626
650 547
569 688
434 348
209 185
827 274
533 519
374 6
440 543
881 733
623 91
524 833
359 960
746 279
398 712
149 78
65 730
587 374
464 391
590 449
800 295
488 532
299 109
977 132
452 621
239 354
215 616
506 161
329 544
365 971
425 903
194 671
140 290
50 339
893 37
974 942
116 980
341 54
716 3
17 826
176 291
110 577
662 849
920 780
26 310
191 114
797 325
152 693
401 541
485 257
956 461
86 160
953 306
743 159
62 68
251 344
566 230
98 17
311 170
335 692
44 303
221 442
185 623
125 830
356 246
410 834
500 201
650 94
569 550
434 405
209 790
827 696
533 258
374 699
440 972
881 144
623 486
524 128
359 666
746 97
398 267
149 847
65 304
587 680
464 438
590 668
800 573
488 894
299 523
977 958
452 800
239 85
215 402
506 76
329 254
365 744
425 715
194 792
140 175
50 885
893 375
974 629
116 264
341 133
716 859
17 169
176 454
110 488
662 604
920 296
26 770
191 921
797 967
152 948
401 414
485 938
956 28
86 794
953 651
743 515
62 51
251 286
566 384
98 777
311 593
335 669
44 811
221 709
185 361
125 288
356 860
410 407
500 269
650 326
569 931
434 356
209 95
827 788
533 220
374 628
440 26
881 318
623 24
524 839
359 394
746 166
398 737
149 46
65 93
587 312
464 590
590 952
800 369
488 198
299 377
977 108
452 891
239 806
215 516
506 289
329 101
365 222
425 107
194 653
140 991
50 678
893 959
974 41
116 897
341 240
716 403
17 314
176 69
110 582
662 45
920 852
26 497
191 752
797 625
152 309
401 873
485 510
956 855
86 214
953 197
743 139
62 293
251 56
566 479
98 456
311 964
335 234
44 969
221 427
185 44
125 614
356 682
410 914
500 298
650 249
569 551
434 643
209 605
827 534
533 585
374 759
440 297
881 11
623 736
524 805
359 278
746 474
398 263
149 892
65 47
587 331
464 127
590 428
800 282
488 429
299 520
977 244
452 358
239 571
215 418
506 893
329 285
365 146
425 962
194 755
140 342
50 751
893 387
974 494
116 38
341 183
716 795
17 889
176 330
110 886
662 613
920 444
26 102
191 460
797 919
152 491
401 321
485 738
956 284
86 905
953 150
743 917
62 15
251 691
566 65
98 627
311 785
335 503
44 186
221 512
185 334
125 841
356 870
410 793
500 413
650 700
569 213
434 956
209 324
827 455
533 726
374 419
440 134
881 100
623 981
524 292
359 815
746 664
398 618
149 637
65 174
587 647
464 560
590 791
800 934
488 73
299 537
977 302
452 204
239 808
215 992
506 916
329 774
365 876
425 227
194 300
140 725
50 181
893 319
974 262
116 654
341 232
716 493
17 797
176 368
110 957
662 562
920 270
26 564
191 746
797 194
152 422
401 848
485 542
956 495
86 276
953 995
743 633
62 219
251 390
566 211
98 480
311 694
335 779
44 72
221 299
185 487
125 366
356 481
410 932
500 594
650 907
569 626
434 547
209 688
827 348
533 185
374 274
440 519
881 6
623 543
524 733
359 91
746 833
398 960
149 279
65 712
587 78
464 730
590 374
800 391
488 449
299 295
977 532
452 109
239 132
215 621
506 354
329 616
365 161
425 544
194 971
140 903
50 671
893 290
974 339
116 37
341 942
716 980
17 54
176 3
110 826
662 291
920 577
26 849
191 780
797 310
152 114
401 325
485 693
956 541
86 257
953 461
743 160
62 306
251 159
566 68
98 344
311 230
335 17
44 170
221 692
185 303
125 442
356 623
410 830
500 246
650 834
569 201
434 94
209 550
827 405
533 790
374 696
440 258
881 699
623 972
524 144
359 486
746 128
398 666
149 97
65 267
587 847
464 304
590 680
800 438
488 668
299 573
977 894
452 523
239 958
215 800
506 85
329 402
365 76
425 254
194 744
140 715
50 792
893 175
974 885
116 375
341 629
716 264
17 133
176 859
110 169
662 454
920 488
26 604
191 296
797 770
152 921
401 967
485 948
956 414
86 938
953 28
743 794
62 651
251 515
566 51
98 286
311 384
335 777
44 593
221 669
185 811
125 709
356 361
410 288
500 860
650 407
569 269
434 326
209 931
827 356
533 95
374 788
440 220
881 628
623 26
524 318
359 24
746 839
398 394
149 166
65 737
587 46
464 93
590 312
800 590
488 952
299 369
977 198
452 377
239 108
215 891
506 806
329 516
365 289
425 101
194 222
140 107
50 653
893 991
974 678
116 959
341 41
716 897
17 240
176 403
110 314
662 69
920 582
26 45
191 852
797 497
152 752
401 625
485 309
956 873
86 510
953 855
743 214
62 197
251 139
566 293
98 56
311 479
335 456
44 964
221 234
185 969
125 427
356 44
410 614
500 682
650 914
569 298
434 249
209 551
827 643
533 605
374 534
440 585
881 759
623 297
524 11
359 736
746 805
398 278
149 474
65 263
587 892
464 47
590 331
800 127
488 428
299 282
977 429
452 520
239 244
215 358
506 571
329 418
365 893
425 285
194 146
140 962
50 755
893 342
974 751
116 387
341 494
716 38
17 183
176 795
110 889
662 330
920 886
26 613
191 444
797 102
152 460
401 919
485 491
956 321
86 738
953 284
743 905
62 150
251 917
566 15
98 691
311 65
335 627
44 785
221 503
185 186
125 512
356 334
410 841
500 870
650 793
569 413
434 700
209 213
827 956
533 324
374 455
440 726
881 419
623 134
524 100
359 981
746 292
398 815
149 664
65 618
587 637
464 174
590 647
800 560
488 791
299 934
977 73
452 537
239 302
215 204
506 808
329 992
365 916
425 774
194 876
140 227
50 300
893 725
974 181
116 319
341 262
716 654
17 232
176 493
110 797
662 368
920 957
26 562
191 270
797 564
152 746
401 194
485 422
956 848
86 542
953 495
743 276
62 995
251 633
566 219
98 390
311 211
335 480
44 694
221 779
185 72
125 299
356 487
410 366
500 481
650 932
569 594
434 907
209 626
827 547
533 688
374 348
440 185
881 274
623 519
524 6
359 543
746 733
398 91
149 833
65 960
587 279
464 712
590 78
800 730
488 374
299 391
977 449
452 295
239 532
215 109
506 132
329 621
365 354
425 616
194 161
140 544
50 971
893 903
974 671
116 290
341 339
716 37
17 942
176 980
110 54
662 3
920 826
26 291
191 577
797 849
152 780
401 310
485 114
956 325
86 693
953 541
743 257
62 461
251 160
566 306
98 159
311 68
335 344
44 230
221 17
185 170
125 692
356 303
410 442
500 623
650 830
569 246
434 834
209 201
827 94
533 550
374 405
440 790
881 696
623 258
524 699
359 972
746 144
398 486
149 128
65 666
587 97
464 267
590 847
800 304
488 680
299 438
977 668
452 573
239 894
215 523
506 958
329 800
365 85
425 402
194 76
140 254
50 744
893 715
974 792
116 175
341 885
716 375
17 629
176 264
110 133
662 859
920 169
26 454
191 488
797 604
152 296
401 770
485 921
956 967
86 948
953 414
743 938
62 28
251 794
566 651
98 515
311 51
335 286
44 384
221 777
185 593
125 669
356 811
410 709
500 361
650 288
569 860
434 407
209 269
827 326
533 931
374 356
440 95
881 788
623 220
524 628
359 26
746 318
398 24
149 839
65 394
587 166
464 737
590 46
800 93
488 312
299 590
977 952
452 369
239 198
215 377
506 108
329 891
365 806
425 516
194 289
140 101
50 222
893 107
974 653
116 991
341 678
716 959
17 41
176 897
110 240
662 403
920 314
26 69
191 582
797 45
152 852
401 497
485 752
956 625
86 309
953 873
743 510
62 855
251 214
566 197
98 139
311 293
335 56
44 479
221 456
185 964
125 234
356 969
410 427
500 44
650 614
569 682
434 914
209 298
827 249
533 551
374 643
440 605
881 534
623 585
524 759
359 297
746 11
398 736
149 805
65 278
587 474
464 263
590 892
800 47
488 331
299 127
977 428
452 282
239 429
215 520
506 244
329 358
365 571
425 418
194 893
140 285
50 146
893 962
974 755
116 342
341 751
716 387
17 494
176 38
110 183
662 795
920 889
26 330
191 886
797 613
152 444
401 102
485 460
956 919
86 491
953 321
743 738
62 284
251 905
566 150
98 917
311 15
335 691
44 65
221 627
185 785
125 503
356 186
410 512
500 334
650 841
569 870
434 793
209 413
827 700
533 213
374 956
440 324
881 455
623 726
524 419
359 134
746 100
398 981
149 292
65 815
587 664
464 618
590 637
800 174
488 647
299 560
977 791
452 934
239 73
215 537
506 302
329 204
365 808
425 992
194 916
140 774
50 876
893 227
974 300
116 725
341 181
716 319
17 262
176 654
110 232
662 493
920 797
26 368
191 957
797 562
152 270
401 564
485 746
956 194
86 422
953 848
743 542
62 495
251 276
566 995
98 633
311 219
335 390
44 211
221 480
185 694
125 779
356 72
410 299
500 487
650 366
569 481
434 932
209 594
827 907
533 626
374 547
440 688
881 348
623 185
524 274
359 519
746 6
398 543
149 733
65 91
587 833
464 960
590 279
800 712
488 78
299 730
977 374
452 391
239 449
215 295
506 532
329 109
365 132
425 621
194 354
140 616
50 161
893 544
974 971
116 903
341 671
716 290
17 339
176 37
110 942
662 980
920 54
26 3
191 826
797 291
152 577
401 849
485 780
956 310
86 114
953 325
743 693
62 541
251 257
566 461
98 160
311 306
335 159
44 68
221 344
185 230
125 17
356 170
410 692
500 303
650 442
569 623
434 830
209 246
827 834
533 201
374 94
440 550
881 405
623 790
524 696
359 258
746 699
398 972
149 144
65 486
587 128
464 666
590 97
800 267
488 847
299 304
977 680
452 438
239 668
215 573
506 894
329 523
365 958
425 800
194 85
140 402
50 76
893 254
974 744
116 715
341 792
716 175
17 885
176 375
110 629
662 264
920 133
26 859
191 169
797 454
152 488
401 604
485 296
956 770
86 921
953 967
743 948
62 414
251 938
566 28
98 794
311 651
335 515
44 51
221 286
185 384
125 777
356 593
410 669
500 811
650 709
569 361
434 288
209 860
827 407
533 269
374 326
440 931
881 356
623 95
524 788
359 220
746 628
398 26
149 318
65 24
587 839
464 394
590 166
800 737
488 46
299 93
977 312
452 590
239 952
215 369
506 198
329 377
365 108
425 891
194 806
140 516
50 289
893 101
974 222
116 107
341 653
716 991
17 678
176 959
110 41
662 897
920 240
26 403
191 314
797 69
152 582
401 45
485 852
956 497
86 752
953 625
743 309
62 873
251 510
566 855
98 214
311 197
335 139
44 293
221 56
185 479
125 456
356 964
410 234
500 969
650 427
569 44
434 614
209 682
827 914
533 298
374 249
440 551
881 643
623 605
524 534
359 585
746 759
398 297
149 11
65 736
587 805
464 278
590 474
800 263
488 892
299 47
977 331
452 127
239 428
215 282
506 429
329 520
365 244
425 358
194 571
140 418
50 893
893 285
974 146
116 962
341 755
716 342
17 751
176 387
110 494
662 38
920 183
26 795
191 889
797 330
152 886
401 613
485 444
956 102
86 460
953 919
743 491
62 321
251 738
566 284
98 905
311 150
335 917
44 15
221 691
185 65
125 627
356 785
410 503
500 186
650 512
569 334
434 841
209 870
827 793
533 413
374 700
440 213
881 956
623 324
524 455
359 726
746 419
398 134
149 100
65 981
587 292
464 815
590 664
800 618
488 637
299 174
977 647
452 560
239 791
215 934
506 73
329 537
365 302
425 204
194 808
140 992
50 916
893 774
974 876
116 227
341 300
716 725
17 181
176 319
110 262
662 654
920 232
26 493
191 797
797 368
152 957
401 562
485 270
956 564
86 746
953 194
743 422
62 848
251 542
566 495
98 276
311 995
335 633
44 219
221 390
185 211
125 480
356 694
410 779
500 72
650 299
569 487
434 366
209 481
827 932
533 594
374 907
440 626
881 547
623 688
524 348
359 185
746 274
398 519
149 6
65 543
587 733
464 91
590 833
800 960
488 279
299 712
977 78
452 730
239 374
215 391
506 449
329 295
365 532
425 109
194 132
140 621
50 354
893 616
974 161
116 544
341 971
716 903
17 671
176 290
110 339
662 37
920 942
26 980
191 54
797 3
152 826
401 291
485 577
956 849
86 780
953 310
743 114
62 325
251 693
566 541
98 257
311 461
335 160
44 306
221 159
185 68
125 344
356 230
410 17
500 170
650 692
569 303
434 442
209 623
827 830
533 246
374 834
440 201
881 94
623 550
524 405
359 790
746 696
398 258
149 699
65 972
587 144
464 486
590 128
800 666
488 97
299 267
977 847
452 304
239 680
215 438
506 668
329 573
365 894
425 523
194 958
140 800
50 85
893 402
974 76
116 254
341 744
716 715
17 792
176 175
110 885
662 375
920 629
26 264
191 133
797 859
152 169
401 454
485 488
956 604
86 296
953 770
743 921
62 967
251 948
566 414
98 938
311 28
335 794
44 651
221 515
185 51
125 286
356 384
410 777
500 593
650 669
569 811
434 709
209 361
827 288
533 860
374 407
440 269
881 326
623 931
524 356
359 95
746 788
398 220
149 628
65 26
587 318
464 24
590 839
800 394
488 166
299 737
977 46
452 93
239 312
215 590
506 952
329 369
365 198
425 377
194 108
140 891
50 806
893 516
974 289
116 101
341 222
716 107
17 653
176 991
110 678
662 959
920 41
26 897
191 240
797 403
152 314
401 69
485 582
956 45
86 852
953 497
743 752
62 625
251 309
566 873
98 510
311 855
335 214
44 197
221 139
185 293
125 56
356 479
410 456
500 964
650 234
569 969
434 427
209 44
827 614
533 682
374 914
440 298
881 249
623 551
524 643
359 605
746 534
398 585
149 759
65 297
587 11
464 736
590 805
800 278
488 474
299 263
977 892
452 47
239 331
215 127
506 428
329 282
365 429
425 520
194 244
140 358
50 571
893 418
974 893
116 285
341 146
716 962
17 755
176 342
110 751
662 387
920 494
26 38
191 183
797 795
152 889
401 330
485 886
956 613
86 444
953 102
743 460
62 919
251 491
566 321
98 738
311 284
335 905
44 150
221 917
185 15
125 691
356 65
410 627
500 785
650 503
569 186
434 512
209 334
827 841
533 870
374 793
440 413
881 700
623 213
524 956
359 324
746 455
398 726
149 419
65 134
587 100
464 981
590 292
800 815
488 664
299 618
977 637
452 174
239 647
215 560
506 791
329 934
365 73
425 537
194 302
140 204
50 808
893 992
974 916
116 774
341 876
716 227
17 300
176 725
110 181
662 319
920 262
26 654
191 232
797 493
152 797
401 368
485 957
956 562
86 270
953 564
743 746
62 194
251 422
566 848
98 542
311 495
335 276
44 995
221 633
185 219
125 390
356 211
410 480
500 694
650 779
569 72
434 299
209 487
827 366
533 481
374 932
440 594
881 907
623 626
524 547
359 688
746 348
398 185
149 274
65 519
587 6
464 543
590 733
800 91
488 833
299 960
977 279
452 712
239 78
215 730
506 374
329 391
365 449
425 295
194 532
140 109
50 132
893 621
974 354
116 616
341 161
716 544
17 971
176 903
110 671
662 290
920 339
26 37
191 942
797 980
152 54
401 3
485 826
956 291
86 577
953 849
743 780
62 310
251 114
566 325
98 693
311 541
335 257
44 461
221 160
185 306
125 159
356 68
410 344
500 230
650 17
569 170
434 692
209 303
827 442
533 623
374 830
440 246
881 834
623 201
524 94
359 550
746 405
398 790
149 696
65 258
587 699
464 972
590 144
800 486
488 128
299 666
977 97
452 267
239 847
215 304
506 680
329 438
365 668
425 573
194 894
140 523
50 958
893 800
974 85
116 402
341 76
716 254
17 744
176 715
110 792
662 175
920 885
26 375
191 629
797 264
152 133
401 859
485 169
956 454
86 488
953 604
743 296
62 770
251 921
566 967
98 948
311 414
335 938
44 28
221 794
185 651
125 515
356 51
410 286
500 384
650 777
569 593
434 669
209 811
827 709
533 361
374 288
440 860
881 407
623 269
524 326
359 931
746 356
398 95
149 788
65 220
587 628
464 26
590 318
800 24
488 839
299 394
977 166
452 737
239 46
215 93
506 312
329 590
365 952
425 369
194 198
140 377
50 108
893 891
974 806
116 516
341 289
716 101
17 222
176 107
110 653
662 991
920 678
26 959
191 41
797 897
152 240
401 403
485 314
956 69
86 582
953 45
743 852
62 497
251 752
566 625
98 309
311 873
335 510
44 855
221 214
185 197
125 139
356 293
410 56
500 479
650 456
569 964
434 234
209 969
827 427
533 44
374 614
440 682
881 914
623 298
524 249
359 551
746 643
398 605
149 534
65 585
587 759
464 297
590 11
800 736
488 805
299 278
977 474
452 263
239 892
215 47
506 331
329 127
365 428
425 282
194 429
140 520
50 244
893 358
974 571
116 418
341 893
716 285
17 146
176 962
110 755
662 342
920 751
26 387
191 494
797 38
152 183
401 795
485 889
956 330
86 886
953 613
743 444
62 102
251 460
566 919
98 491
311 321
335 738
44 284
221 905
185 150
125 917
356 15
410 691
500 65
650 627
569 785
434 503
209 186
827 512
533 334
374 841
440 870
881 793
623 413
524 700
359 213
746 956
398 324
149 455
65 726
587 419
464 134
590 100
800 981
488 292
299 815
977 664
452 618
239 637
215 174
506 647
329 560
365 791
425 934
194 73
140 537
50 302
893 204
974 808
116 992
341 916
716 774
17 876
176 227
110 300
662 725
920 181
26 319
191 262
797 654
152 232
401 493
485 797
956 368
86 957
953 562
743 270
62 564
251 746
566 194
98 422
311 848
335 542
44 495
221 276
185 995
125 633
356 219
410 390
500 211
650 480
569 694
434 779
209 72
827 299
533 487
374 366
440 481
881 932
623 594
524 907
359 626
746 547
398 688
149 348
65 185
587 274
464 519
590 6
800 543
488 733
299 91
977 833
452 960
239 279
215 712
506 78
329 730
365 374
425 391
194 449
140 295
50 532
893 109
974 132
116 621
341 354
716 616
17 161
176 544
110 971
662 903
920 671
26 290
191 339
797 37
152 942
401 980
485 54
956 3
86 826
953 291
743 577
62 849
251 780
566 310
98 114
311 325
335 693
44 541
221 257
185 461
125 160
356 306
410 159
500 68
650 344
569 230
434 17
209 170
827 692
533 303
374 442
440 623
881 830
623 246
524 834
359 201
746 94
398 550
149 405
65 790
587 696
464 258
590 699
800 972
488 144
299 486
977 128
452 666
239 97
215 267
506 847
329 304
365 680
425 438
194 668
140 573
50 894
893 523
974 958
116 800
341 85
716 402
17 76
176 254
110 744
662 715
920 792
26 175
191 885
797 375
152 629
401 264
485 133
956 859
86 169
953 454
743 488
62 604
251 296
566 770
98 921
311 967
335 948
44 414
221 938
185 28
125 794
356 651
410 515
500 51
650 286
569 384
434 777
209 593
827 669
533 811
374 709
440 361
881 288
623 860
524 407
359 269
746 326
398 931
149 356
65 95
587 788
464 220
590 628
800 26
488 318
299 24
977 839
452 394
239 166
215 737
506 46
329 93
365 312
425 590
194 952
140 369
50 198
893 377
974 108
116 891
341 806
716 516
17 289
176 101
110 222
662 107
920 653
26 991
191 678
797 959
152 41
401 897
485 240
956 403
86 314
953 69
743 582
62 45
251 852
566 497
98 752
311 625
335 309
44 873
221 510
185 855
125 214
356 197
410 139
500 293
650 56
569 479
434 456
209 964
827 234
533 969
374 427
440 44
881 614
623 682
524 914
359 298
746 249
398 551
149 643
65 605
587 534
464 585
590 759
800 297
488 11
299 736
977 805
452 278
239 474
215 263
506 892
329 47
365 331
425 127
194 428
140 282
50 429
893 520
974 244
116 358
341 571
716 418
17 893
176 285
110 146
662 962
920 755
26 342
191 751
797 387
152 494
401 38
485 183
956 795
86 889
953 330
743 886
62 613
251 444
566 102
98 460
311 919
335 491
44 321
221 738
185 284
125 905
356 150
410 917
500 15
650 691
569 65
434 627
209 785
827 503
533 186
374 512
440 334
881 841
623 870
524 793
359 413
746 700
398 213
149 956
65 324
587 455
464 726
590 419
800 134
488 100
299 981
977 292
452 815
239 664
215 618
506 637
329 174
365 647
425 560
194 791
140 934
50 73
893 537
974 302
116 204
341 808
716 992
17 916
176 774
110 876
662 227
920 300
26 725
191 181
797 319
152 262
401 654
485 232
956 493
86 797
953 368
743 957
62 562
251 270
566 564
98 746
311 194
335 422
44 848
221 542
185 495
125 276
356 995
410 633
500 219
650 390
569 211
434 480
209 694
827 779
533 72
374 299
440 487
881 366
623 481
524 932
359 594
746 907
398 626
149 547
65 688
587 348
464 185
590 274
800 519
488 6
299 543
977 733
452 91
239 833
215 960
506 279
329 712
365 78
425 730
194 374
140 391
50 449
893 295
974 532
116 109
341 132
716 621
17 354
176 616
110 161
662 544
920 971
26 903
191 671
797 290
152 339
401 37
485 942
956 980
86 54
953 3
743 826
62 291
251 577
566 849
98 780
311 310
335 114
44 325
221 693
185 541
125 257
356 461
410 160
500 306
650 159
569 68
434 344
209 230
827 17
533 170
374 692
440 303
881 442
623 623
524 830
359 246
746 834
398 201
149 94
65 550
587 405
464 790
590 696
800 258
488 699
299 972
977 144
452 486
239 128
215 666
506 97
329 267
365 847
425 304
194 680
140 438
50 668
893 573
974 894
116 523
341 958
716 800
17 85
176 402
110 76
662 254
920 744
26 715
191 792
797 175
152 885
401 375
485 629
956 264
86 133
953 859
743 169
62 454
251 488
566 604
98 296
311 770
335 921
44 967
221 948
185 414
125 938
356 28
410 794
500 651
650 515
569 51
434 286
209 384
827 777
533 593
374 669
440 811
881 709
623 361
524 288
359 860
746 407
398 269
149 326
65 931
587 356
464 95
590 788
800 220
488 628
299 26
977 318
452 24
239 839
215 394
506 166
329 737
365 46
425 93
194 312
140 590
50 952
893 369
974 198
116 377
341 108
716 891
17 806
176 516
110 289
662 101
920 222
26 107
191 653
797 991
152 678
401 959
485 41
956 897
86 240
953 403
743 314
62 69
251 582
566 45
98 852
311 497
335 752
44 625
221 309
185 873
125 510
356 855
410 214
500 197
650 139
569 293
434 56
209 479
827 456
533 964
374 234
440 969
881 427
623 44
524 614
359 682
746 914
398 298
149 249
65 551
587 643
464 605
590 534
800 585
488 759
299 297
977 11
452 736
239 805
215 278
506 474
329 263
365 892
425 47
194 331
140 127
50 428
893 282
974 429
116 520
341 244
716 358
17 571
176 418
110 893
662 285
920 146
26 962
191 755
797 342
152 751
401 387
485 494
956 38
86 183
953 795
743 889
62 330
251 886
566 613
98 444
311 102
335 460
44 919
221 491
185 321
125 738
356 284
410 905
500 150
650 917
569 15
434 691
209 65
827 627
533 785
374 503
440 186
881 512
623 334
524 841
359 870
746 793
398 413
149 700
65 213
587 956
464 324
590 455
800 726
488 419
299 134
977 100
452 981
239 292
215 815
506 664
329 618
365 637
425 174
194 647
140 560
50 791
893 934
974 73
116 537
341 302
716 204
17 808
176 992
110 916
662 774
920 876
26 227
191 300
797 725
152 181
401 319
485 262
956 654
86 232
953 493
743 797
62 368
251 957
566 562
98 270
311 564
335 746
44 194
221 422
185 848
125 542
356 495
410 276
500 995
650 633
569 219
434 390
209 211
827 480
533 694
374 779
440 72
881 299
623 487
524 366
359 481
746 932
398 594
149 907
65 626
587 547
464 688
590 348
800 185
488 274
299 519
977 6
452 543
239 733
215 91
506 833
329 960
365 279
425 712
194 78
140 730
50 374
893 391
974 449
116 295
341 532
716 109
17 132
176 621
110 354
662 616
920 161
26 544
191 971
797 903
152 671
401 290
485 339
956 37
86 942
953 980
743 54
62 3
251 826
566 291
98 577
311 849
335 780
44 310
221 114
185 325
125 693
356 541
410 257
500 461
650 160
569 306
434 159
209 68
827 344
533 230
374 17
440 170
881 692
623 303
524 442
359 623
746 830
398 246
149 834
65 201
587 94
464 550
590 405
800 790
488 696
299 258
977 699
452 972
239 144
215 486
506 128
329 666
365 97
425 267
194 847
140 304
50 680
893 438
974 668
116 573
341 894
716 523
17 958
176 800
110 85
662 402
920 76
26 254
191 744
797 715
152 792
401 175
485 885
956 375
86 629
953 264
743 133
62 859
251 169
566 454
98 488
311 604
335 296
44 770
221 921
185 967
125 948
356 414
410 938
500 28
650 794
569 651
434 515
209 51
827 286
533 384
374 777
440 593
881 669
623 811
524 709
359 361
746 288
398 860
149 407
65 269
587 326
464 931
590 356
800 95
488 788
299 220
977 628
452 26
239 318
215 24
506 839
329 394
365 166
425 737
194 46
140 93
50 312
893 590
974 952
116 369
341 198
716 377
17 108
176 891
110 806
662 516
920 289
26 101
191 222
797 107
152 653
401 991
485 678
956 959
86 41
953 897
743 240
62 403
251 314
566 69
98 582
311 45
335 852
44 497
221 752
185 625
125 309
356 873
410 510
500 855
650 214
569 197
434 139
209 293
827 56
533 479
374 456
440 964
881 234
623 969
524 427
359 44
746 614
398 682
149 914
65 298
587 249
464 551
590 643
800 605
488 534
299 585
977 759
452 297
239 11
215 736
506 805
329 278
365 474
425 263
194 892
140 47
50 331
893 127
974 428
116 282
341 429
716 520
17 244
176 358
110 571
662 418
920 893
26 285
191 146
797 962
152 755
401 342
485 751
956 387
86 494
953 38
743 183
62 795
251 889
566 330
98 886
311 613
335 444
44 102
221 460
185 919
125 491
356 321
410 738
500 284
650 905
569 150
434 917
209 15
827 691
533 65
374 627
440 785
881 503
623 186
524 512
359 334
746 841
398 870
149 793
65 413
587 700
464 213
590 956
800 324
488 455
299 726
977 419
452 134
239 100
215 981
506 292
329 815
365 664
425 618
194 637
140 174
50 647
893 560
974 791
116 934
341 73
716 537
17 302
176 204
110 808
662 992
920 916
26 774
191 876
797 227
152 300
401 725
485 181
956 319
86 262
953 654
743 232
62 493
251 797
566 368
98 957
311 562
335 270
44 564
221 746
185 194
125 422
356 848
410 542
500 495
650 276
569 995
434 633
209 219
827 390
533 211
374 480
440 694
881 779
623 72
524 299
359 487
746 366
398 481
149 932
65 594
587 907
464 626
590 547
800 688
488 348
299 185
977 274
452 519
239 6
215 543
506 733
329 91
365 833
425 960
194 279
140 712
50 78
893 730
974 374
116 391
341 449
716 295
17 532
176 109
110 132
662 621
920 354
26 616
191 161
797 544
152 971
401 903
485 671
956 290
86 339
953 37
743 942
62 980
251 54
566 3
98 826
311 291
335 577
44 849
221 780
185 310
125 114
356 325
410 693
500 541
650 257
569 461
434 160
209 306
827 159
533 68
374 344
440 230
881 17
623 170
524 692
359 303
746 442
398 623
149 830
65 246
587 834
464 201
590 94
800 550
488 405
299 790
977 696
452 258
239 699
215 972
506 144
329 486
365 128
425 666
194 97
140 267
50 847
893 304
974 680
116 438
341 668
716 573
17 894
176 523
110 958
662 800
920 85
26 402
191 76
797 254
152 744
401 715
485 792
956 175
86 885
953 375
743 629
62 264
251 133
566 859
98 169
311 454
335 488
44 604
221 296
185 770
125 921
356 967
410 948
500 414
650 938
569 28
434 794
209 651
827 515
533 51
374 286
440 384
881 777
623 593
524 669
359 811
746 709
398 361
149 288
65 860
587 407
464 269
590 326
800 931
488 356
299 95
977 788
452 220
239 628
215 26
506 318
329 24
365 839
425 394
194 166
140 737
50 46
893 93
974 312
116 590
341 952
716 369
17 198
176 377
110 108
662 891
920 806
26 516
191 289
797 101
152 222
401 107
485 653
956 991
86 678
953 959
743 41
62 897
251 240
566 403
98 314
311 69
335 582
44 45
221 852
185 497
125 752
356 625
410 309
500 873
650 510
569 855
434 214
209 197
827 139
533 293
374 56
440 479
881 456
623 964
524 234
359 969
746 427
398 44
149 614
65 682
587 914
464 298
590 249
800 551
488 643
299 605
977 534
452 585
239 759
215 297
506 11
329 736
365 805
425 278
194 474
140 263
50 892
893 47
974 331
116 127
341 428
716 282
17 429
176 520
110 244
662 358
920 571
26 418
191 893
797 285
152 146
401 962
485 755
956 342
86 751
953 387
743 494
62 38
251 183
566 795
98 889
311 330
335 886
44 613
221 444
185 102
125 460
356 919
410 491
500 321
650 738
569 284
434 905
209 150
827 917
533 15
374 691
440 65
881 627
623 785
524 503
359 186
746 512
398 334
149 841
65 870
587 793
464 413
590 700
800 213
488 956
299 324
977 455
452 726
239 419
215 134
506 100
329 981
365 292
425 815
194 664
140 618
50 637
893 174
974 647
116 560
341 791
716 934
17 73
176 537
110 302
662 204
920 808
26 992
191 916
797 774
152 876
401 227
485 300
956 725
86 181
953 319
743 262
62 654
251 232
566 493
98 797
311 368
335 957
44 562
221 270
185 564
125 746
356 194
410 422
500 848
650 542
569 495
434 276
209 995
827 633
533 219
374 390
440 211
881 480
623 694
524 779
359 72
746 299
398 487
149 366
65 481
587 932
464 594
590 907
800 626
488 547
299 688
977 348
452 185
239 274
215 519
506 6
329 543
365 733
425 91
194 833
140 960
50 279
893 712
974 78
116 730
341 374
716 391
17 449
176 295
110 532
662 109
920 132
26 621
191 354
797 616
152 161
401 544
485 971
956 903
86 671
953 290
743 339
62 37
251 942
566 980
98 54
311 3
335 826
44 291
221 577
185 849
125 780
356 310
410 114
500 325
650 693
569 541
434 257
209 461
827 160
533 306
374 159
440 68
881 344
623 230
524 17
359 170
746 692
398 303
149 442
65 623
587 830
464 246
590 834
800 201
488 94
299 550
977 405
452 790
239 696
215 258
506 699
329 972
365 144
425 486
194 128
140 666
50 97
893 267
974 847
116 304
341 680
716 438
17 668
176 573
110 894
662 523
920 958
26 800
191 85
797 402
152 76
401 254
485 744
956 715
86 792
953 175
743 885
62 375
251 629
566 264
98 133
311 859
335 169
44 454
221 488
185 604
125 296
356 770
410 921
500 967
650 948
569 414
434 938
209 28
827 794
533 651
374 515
440 51
881 286
623 384
524 777
359 593
746 669
398 811
149 709
65 361
587 288
464 860
590 407
800 269
488 326
299 931
977 356
452 95
239 788
215 220
506 628
329 26
365 318
425 24
194 839
140 394
50 166
893 737
974 46
116 93
341 312
716 590
17 952
176 369
110 198
662 377
920 108
26 891
191 806
797 516
152 289
401 101
485 222
956 107
86 653
953 991
743 678
62 959
251 41
566 897
98 240
311 403
335 314
44 69
221 582
185 45
125 852
356 497
410 752
500 625
650 309
569 873
434 510
209 855
827 214
533 197
374 139
440 293
881 56
623 479
524 456
359 964
746 234
398 969
149 427
65 44
587 614
464 682
590 914
800 298
488 249
299 551
977 643
452 605
239 534
215 585
506 759
329 297
365 11
425 736
194 805
140 278
50 474
893 263
974 892
116 47
341 331
716 127
17 428
176 282
110 429
662 520
920 244
26 358
191 571
797 418
152 893
401 285
485 146
956 962
86 755
953 342
743 751
62 387
251 494
566 38
98 183
311 795
335 889
44 330
221 886
185 613
125 444
356 102
410 460
500 919
650 491
569 321
434 738
209 284
827 905
533 150
374 917
440 15
881 691
623 65
524 627
359 785
746 503
398 186
149 512
65 334
587 841
464 870
590 793
800 413
488 700
299 213
977 956
452 324
239 455
215 726
506 419
329 134
365 100
425 981
194 292
140 815
50 664
893 618
974 637
116 174
341 647
716 560
17 791
176 934
110 73
662 537
920 302
26 204
191 808
797 992
152 916
401 774
485 876
956 227
86 300
953 725
743 181
62 319
251 262
566 654
98 232
311 493
335 797
44 368
221 957
185 562
125 270
356 564
410 746
500 194
650 422
569 848
434 542
209 495
827 276
533 995
374 633
440 219
881 390
623 211
524 480
359 694
746 779
398 72
149 299
65 487
587 366
464 481
590 932
800 594
488 907
299 626
977 547
452 688
239 348
215 185
506 274
329 519
365 6
425 543
194 733
140 91
50 833
893 960
974 279
116 712
341 78
716 730
17 374
176 391
110 449
662 295
920 532
26 109
191 132
797 621
152 354
401 616
485 161
956 544
86 971
953 903
743 671
62 290
251 339
566 37
98 942
311 980
335 54
44 3
221 826
185 291
125 577
356 849
410 780
500 310
650 114
569 325
434 693
209 541
827 257
533 461
374 160
440 306
881 159
623 68
524 344
359 230
746 17
398 170
149 692
65 303
587 442
464 623
590 830
800 246
488 834
299 201
977 94
452 550
239 405
215 790
506 696
329 258
365 699
425 972
194 144
140 486
50 128
893 666
974 97
116 267
341 847
716 304
17 680
176 438
110 668
662 573
920 894
26 523
191 958
797 800
152 85
401 402
485 76
956 254
86 744
953 715
743 792
62 175
251 885
566 375
98 629
311 264
335 133
44 859
221 169
185 454
125 488
356 604
410 296
500 770
650 921
569 967
434 948
209 414
827 938
533 28
374 794
440 651
881 515
623 51
524 286
359 384
746 777
398 593
149 669
65 811
587 709
464 361
590 288
800 860
488 407
299 269
977 326
452 931
239 356
215 95
506 788
329 220
365 628
425 26
194 318
140 24
50 839
893 394
974 166
116 737
341 46
716 93
17 312
176 590
110 952
662 369
920 198
26 377
191 108
797 891
152 806
401 516
485 289
956 101
86 222
953 107
743 653
62 991
251 678
566 959
98 41
311 897
335 240
44 403
221 314
185 69
125 582
356 45
410 852
500 497
650 752
569 625
434 309
209 873
827 510
533 855
374 214
440 197
881 139
623 293
524 56
359 479
746 456
398 964
149 234
65 969
587 427
464 44
590 614
800 682
488 914
299 298
977 249
452 551
239 643
215 605
506 534
329 585
365 759
425 297
194 11
140 736
50 805
893 278
974 474
116 263
341 892
716 47
17 331
176 127
110 428
662 282
920 429
26 520
191 244
797 358
152 571
401 418
485 893
956 285
86 146
953 962
743 755
62 342
251 751
566 387
98 494
311 38
335 183
44 795
221 889
185 330
125 886
356 613
410 444
500 102
650 460
569 919
434 491
209 321
827 738
533 284
374 905
440 150
881 917
623 15
524 691
359 65
746 627
398 785
149 503
65 186
587 512
464 334
590 841
800 870
488 793
299 413
977 700
452 213
239 956
215 324
506 455
329 726
365 419
425 134
194 100
140 981
50 292
893 815
974 664
116 618
341 637
716 174
17 647
176 560
110 791
662 934
920 73
26 537
191 302
797 204
152 808
401 992
485 916
956 774
86 876
953 227
743 300
62 725
251 181
566 319
98 262
311 654
335 232
44 493
221 797
185 368
125 957
356 562
410 270
500 564
650 746
569 194
434 422
209 848
827 542
533 495
374 276
440 995
881 633
623 219
524 390
359 211
746 480
398 694
149 779
65 72
587 299
464 487
590 366
800 481
488 932
299 594
977 907
452 626
239 547
215 688
506 348
329 185
365 274
425 519
194 6
140 543
50 733
893 91
974 833
116 960
341 279
716 712
17 78
176 730
110 374
662 391
920 449
26 295
191 532
797 109
152 132
401 621
485 354
956 616
86 161
953 544
743 971
62 903
251 671
566 290
98 339
311 37
335 942
44 980
221 54
185 3
125 826
356 291
410 577
500 849
650 780
569 310
434 114
209 325
827 693
533 541
374 257
440 461
881 160
623 306
524 159
359 68
746 344
398 230
149 17
65 170
587 692
464 303
590 442
800 623
488 830
299 246
977 834
452 201
239 94
215 550
506 405
329 790
365 696
425 258
194 699
140 972
50 144
893 486
974 128
116 666
341 97
716 267
17 847
176 304
110 680
662 438
920 668
26 573
191 894
797 523
152 958
401 800
485 85
956 402
86 76
953 254
743 744
62 715
251 792
566 175
98 885
311 375
335 629
44 264
221 133
185 859
125 169
356 454
410 488
500 604
650 296
569 770
434 921
209 967
827 948
533 414
374 938
440 28
881 794
623 651
524 515
359 51
746 286
398 384
149 777
65 593
587 669
464 811
590 709
800 361
488 288
299 860
977 407
452 269
239 326
215 931
506 356
329 95
365 788
425 220
194 628
140 26
50 318
893 24
974 839
116 394
341 166
716 737
17 46
176 93
110 312
662 590
920 952
26 369
191 198
797 377
152 108
401 891
485 806
956 516
86 289
953 101
743 222
62 107
251 653
566 991
98 678
311 959
335 41
44 897
221 240
185 403
125 314
356 69
410 582
500 45
650 852
569 497
434 752
209 625
827 309
533 873
374 510
440 855
881 214
623 197
524 139
359 293
746 56
398 479
149 456
65 964
587 234
464 969
590 427
800 44
488 614
299 682
977 914
452 298
239 249
215 551
506 643
329 605
365 534
425 585
194 759
140 297
50 11
893 736
974 805
116 278
341 474
716 263
17 892
176 47
110 331
662 127
920 428
26 282
191 429
797 520
152 244
401 358
485 571
956 418
86 893
953 285
743 146
62 962
251 755
566 342
98 751
311 387
335 494
44 38
221 183
185 795
125 889
356 330
410 886
500 613
650 444
569 102
434 460
209 919
827 491
533 321
374 738
440 284
881 905
623 150
524 917
359 15
746 691
398 65
149 627
65 785
587 503
464 186
590 512
800 334
488 841
299 870
977 793
452 413
239 700
215 213
506 956
329 324
365 455
425 726
194 419
140 134
50 100
893 981
974 292
116 815
341 664
716 618
17 637
176 174
110 647
662 560
920 791
26 934
191 73
797 537
152 302
401 204
485 808
956 992
86 916
953 774
743 876
62 227
251 300
566 725
98 181
311 319
335 262
44 654
221 232
185 493
125 797
356 368
410 957
500 562
650 270
569 564
434 746
209 194
827 422
533 848
374 542
440 495
881 276
623 995
524 633
359 219
746 390
398 211
149 480
65 694
587 779
464 72
590 299
800 487
488 366
299 481
977 932
452 594
239 907
215 626
506 547
329 688
365 348
425 185
194 274
140 519
50 6
893 543
974 733
116 91
341 833
716 960
17 279
176 712
110 78
662 730
920 374
26 391
191 449
797 295
152 532
401 109
485 132
956 621
86 354
953 616
743 161
62 544
251 971
566 903
98 671
311 290
335 339
44 37
221 942
185 980
125 54
356 3
410 826
500 291
650 577
569 849
434 780
209 310
827 114
533 325
374 693
440 541
881 257
623 461
524 160
359 306
746 159
398 68
149 344
65 230
587 17
464 170
590 692
800 303
488 442
299 623
977 830
452 246
239 834
215 201
506 94
329 550
365 405
425 790
194 696
140 258
50 699
893 972
974 144
116 486
341 128
716 666
17 97
176 267
110 847
662 304
920 680
26 438
191 668
797 573
152 894
401 523
485 958
956 800
86 85
953 402
743 76
62 254
251 744
566 715
98 792
311 175
335 885
44 375
221 629
185 264
125 133
356 859
410 169
500 454
650 488
569 604
434 296
209 770
827 921
533 967
374 948
440 414
881 938
623 28
524 794
359 651
746 515
398 51
149 286
65 384
587 777
464 593
590 669
800 811
488 709
299 361
977 288
452 860
239 407
215 269
506 326
329 931
365 356
425 95
194 788
140 220
50 628
893 26
974 318
116 24
341 839
716 394
17 166
176 737
110 46
662 93
920 312
26 590
191 952
797 369
152 198
401 377
485 108
956 891
86 806
953 516
743 289
62 101
251 222
566 107
98 653
311 991
335 678
44 959
221 41
185 897
125 240
356 403
410 314
500 69
650 582
569 45
434 852
209 497
827 752
533 625
374 309
440 873
881 510
623 855
524 214
359 197
746 139
398 293
149 56
65 479
587 456
464 964
590 234
800 969
488 427
299 44
977 614
452 682
239 914
215 298
506 249
329 551
365 643
425 605
194 534
140 585
50 759
893 297
974 11
116 736
341 805
716 278
17 474
176 263
110 892
662 47
920 331
26 127
191 428
797 282
152 429
401 520
485 244
956 358
86 571
953 418
743 893
62 285
251 146
566 962
98 755
311 342
335 751
44 387
221 494
185 38
125 183
356 795
410 889
500 330
650 886
569 613
434 444
209 102
827 460
533 919
374 491
440 321
881 738
623 284
524 905
359 150
746 917
398 15
149 691
65 65
587 627
464 785
590 503
800 186
488 512
299 334
977 841
452 870
239 793
215 413
506 700
329 213
365 956
425 324
194 455
140 726
50 419
893 134
974 100
116 981
341 292
716 815
17 664
176 618
110 637
662 174
920 647
26 560
191 791
797 934
152 73
401 537
485 302
956 204
86 808
953 992
743 916
62 774
251 876
566 227
98 300
311 725
335 181
44 319
221 262
185 654
125 232
356 493
410 797
500 368
650 957
569 562
434 270
209 564
827 746
533 194
374 422
440 848
881 542
623 495
524 276
359 995
746 633
398 219
149 390
65 211
587 480
464 694
590 779
800 72
488 299
299 487
977 366
452 481
239 932
215 594
506 907
329 626
365 547
425 688
194 348
140 185
50 274
893 519
974 6
116 543
341 733
716 91
17 833
176 960
110 279
662 712
920 78
26 730
191 374
797 391
152 449
401 295
485 532
956 109
86 132
953 621
743 354
62 616
251 161
566 544
98 971
311 903
335 671
44 290
221 339
185 37
125 942
356 980
410 54
500 3
650 826
569 291
434 577
209 849
827 780
533 310
374 114
440 325
881 693
623 541
524 257
359 461
746 160
398 306
149 159
65 68
587 344
464 230
590 17
800 170
488 692
299 303
977 442
452 623
239 830
215 246
506 834
329 201
365 94
425 550
194 405
140 790
50 696
893 258
974 699
116 972
341 144
716 486
17 128
176 666
110 97
662 267
920 847
26 304
191 680
797 438
152 668
401 573
485 894
956 523
86 958
953 800
743 85
62 402
251 76
566 254
98 744
311 715
335 792
44 175
221 885
185 375
125 629
356 264
410 133
500 859
650 169
569 454
434 488
209 604
827 296
533 770
374 921
440 967
881 948
623 414
524 938
359 28
746 794
398 651
149 515
65 51
587 286
464 384
590 777
800 593
488 669
299 811
977 709
452 361
239 288
215 860
506 407
329 269
365 326
425 931
194 356
140 95
50 788
893 220
974 628
116 26
341 318
716 24
17 839
176 394
110 166
662 737
920 46
26 93
191 312
797 590
152 952
401 369
485 198
956 377
86 108
953 891
743 806
62 516
251 289
566 101
98 222
311 107
335 653
44 991
221 678
185 959
125 41
356 897
410 240
500 403
650 314
569 69
434 582
209 45
827 852
533 497
374 752
440 625
881 309
623 873
524 510
359 855
746 214
398 197
149 139
65 293
587 56
464 479
590 456
800 964
488 234
299 969
977 427
452 44
239 614
215 682
506 914
329 298
365 249
425 551
194 643
140 605
50 534
893 585
974 759
116 297
341 11
716 736
17 805
176 278
110 474
662 263
920 892
26 47
191 331
797 127
152 428
401 282
485 429
956 520
86 244
953 358
743 571
62 418
251 893
566 285
98 146
311 962
335 755
44 342
221 751
185 387
125 494
356 38
410 183
500 795
650 889
569 330
434 886
209 613
827 444
533 102
374 460
440 919
881 491
623 321
524 738
359 284
746 905
398 150
149 917
65 15
587 691
464 65
590 627
800 785
488 503
299 186
977 512
452 334
239 841
215 870
506 793
329 413
365 700
425 213
194 956
140 324
50 455
893 726
974 419
116 134
341 100
716 981
17 292
176 815
110 664
662 618
920 637
26 174
191 647
797 560
152 791
401 934
485 73
956 537
86 302
953 204
743 808
62 992
251 916
566 774
98 876
311 227
335 300
44 725
221 181
185 319
125 262
356 654
410 232
500 493
650 797
569 368
434 957
209 562
827 270
533 564
374 746
440 194
881 422
623 848
524 542
359 495
746 276
398 995
149 633
65 219
587 390
464 211
590 480
800 694
488 779
299 72
977 299
452 487
239 366
215 481
506 932
329 594
365 907
425 626
194 547
140 688
50 348
893 185
974 274
116 519
341 6
716 543
17 733
176 91
110 833
662 960
920 279
26 712
191 78
797 730
152 374
401 391
485 449
956 295
86 532
953 109
743 132
62 621
251 354
566 616
98 161
311 544
335 971
44 903
221 671
185 290
125 339
356 37
410 942
500 980
650 54
569 3
434 826
209 291
827 577
533 849
374 780
440 310
881 114
623 325
524 693
359 541
746 257
398 461
149 160
65 306
587 159
464 68
590 344
800 230
488 17
299 170
977 692
452 303
239 442
215 623
506 830
329 246
365 834
425 201
194 94
140 550
50 405
893 790
974 696
116 258
341 699
716 972
17 144
176 486
110 128
662 666
920 97
26 267
191 847
797 304
152 680
401 438
485 668
956 573
86 894
953 523
743 958
62 800
251 85
566 402
98 76
311 254
335 744
44 715
221 792
185 175
125 885
356 375
410 629
500 264
650 133
569 859
434 169
209 454
827 488
533 604
374 296
440 770
881 921
623 967
524 948
359 414
746 938
398 28
149 794
65 651
587 515
464 51
590 286
800 384
488 777
299 593
977 669
452 811
239 709
215 361
506 288
329 860
365 407
425 269
194 326
140 931
50 356
893 95
974 788
116 220
341 628
716 26
17 318
176 24
110 839
662 394
920 166
26 737
191 46
797 93
152 312
401 590
485 952
956 369
86 198
953 377
743 108
62 891
251 806
566 516
98 289
311 101
335 222
44 107
221 653
185 991
125 678
356 959
410 41
500 897
650 240
569 403
434 314
209 69
827 582
533 45
374 852
440 497
881 752
623 625
524 309
359 873
746 510
398 855
149 214
65 197
587 139
464 293
590 56
800 479
488 456
299 964
977 234
452 969
239 427
215 44
506 614
329 682
365 914
425 298
194 249
140 551
50 643
893 605
974 534
116 585
341 759
716 297
17 11
176 736
110 805
662 278
920 474
26 263
191 892
797 47
152 331
401 127
485 428
956 282
86 429
953 520
743 244
62 358
251 571
566 418
98 893
311 285
335 146
44 962
221 755
185 342
125 751
356 387
410 494
500 38
650 183
569 795
434 889
209 330
827 886
533 613
374 444
440 102
881 460
623 919
524 491
359 321
746 738
398 284
149 905
65 150
587 917
464 15
590 691
800 65
488 627
299 785
977 503
452 186
239 512
215 334
506 841
329 870
365 793
425 413
194 700
140 213
50 956
893 324
974 455
116 726
341 419
716 134
17 100
176 981
110 292
662 815
920 664
26 618
191 637
797 174
152 647
401 560
485 791
956 934
86 73
953 537
743 302
62 204
251 808
566 992
98 916
311 774
335 876
44 227
221 300
185 725
125 181
356 319
410 262
500 654
650 232
569 493
434 797
209 368
827 957
533 562
374 270
440 564
881 746
623 194
524 422
359 848
746 542
398 495
149 276
65 995
587 633
464 219
590 390
800 211
488 480
299 694
977 779
452 72
239 299
215 487
506 366
329 481
365 932
425 594
194 907
140 626
50 547
893 688
974 348
116 185
341 274
716 519
17 6
176 543
110 733
662 91
920 833
26 960
191 279
797 712
152 78
401 730
485 374
956 391
86 449
953 295
743 532
62 109
251 132
566 621
98 354
311 616
335 161
44 544
221 971
185 903
125 671
356 290
410 339
500 37
650 942
569 980
434 54
209 3
827 826
533 291
374 577
440 849
881 780
623 310
524 114
359 325
746 693
398 541
149 257
65 461
587 160
464 306
590 159
800 68
488 344
299 230
977 17
452 170
239 692
215 303
506 442
329 623
365 830
425 246
194 834
140 201
50 94
893 550
974 405
116 790
341 696
716 258
17 699
176 972
110 144
662 486
920 128
26 666
191 97
797 267
152 847
401 304
485 680
956 438
86 668
953 573
743 894
62 523
251 958
566 800
98 85
311 402
335 76
44 254
221 744
185 715
125 792
356 175
410 885
500 375
650 629
569 264
434 133
209 859
827 169
533 454
374 488
440 604
881 296
623 770
524 921
359 967
746 948
398 414
149 938
65 28
587 794
464 651
590 515
800 51
488 286
299 384
977 777
452 593
239 669
215 811
506 709
329 361
365 288
425 860
194 407
140 269
50 326
893 931
974 356
116 95
341 788
716 220
17 628
176 26
110 318
662 24
920 839
26 394
191 166
797 737
152 46
401 93
485 312
956 590
86 952
953 369
743 198
62 377
251 108
566 891
98 806
311 516
335 289
44 101
221 222
185 107
125 653
356 991
410 678
500 959
650 41
569 897
434 240
209 403
827 314
533 69
374 582
440 45
881 852
623 497
524 752
359 625
746 309
398 873
149 510
65 855
587 214
464 197
590 139
800 293
488 56
299 479
977 456
452 964
239 234
215 969
506 427
329 44
365 614
425 682
194 914
140 298
50 249
893 551
974 643
116 605
341 534
716 585
17 759
176 297
110 11
662 736
920 805
26 278
191 474
797 263
152 892
401 47
485 331
956 127
86 428
953 282
743 429
62 520
251 244
566 358
98 571
311 418
335 893
44 285
221 146
185 962
125 755
356 342
410 751
500 387
650 494
569 38
434 183
209 795
827 889
533 330
374 886
440 613
881 444
623 102
524 460
359 919
746 491
398 321
149 738
65 284
587 905
464 150
590 917
800 15
488 691
299 65
977 627
452 785
239 503
215 186
506 512
329 334
365 841
425 870
194 793
140 413
50 700
893 213
974 956
116 324
341 455
716 726
17 419
176 134
110 100
662 981
920 292
26 815
191 664
797 618
152 637
401 174
485 647
956 560
86 791
953 934
743 73
62 537
251 302
566 204
98 808
311 992
335 916
44 774
221 876
185 227
125 300
356 725
410 181
500 319
650 262
569 654
434 232
209 493
827 797
533 368
374 957
440 562
881 270
623 564
524 746
359 194
746 422
398 848
149 542
65 495
587 276
464 995
590 633
800 219
488 390
299 211
977 480
452 694
239 779
215 72
506 299
329 487
365 366
425 481
194 932
140 594
50 907
893 626
974 547
116 688
341 348
716 185
17 274
176 519
110 6
662 543
920 733
26 91
191 833
797 960
152 279
401 712
485 78
956 730
86 374
953 391
743 449
62 295
251 532
566 109
98 132
311 621
335 354
44 616
221 161
185 544
125 971
356 903
410 671
500 290
650 339
569 37
434 942
209 980
827 54
533 3
374 826
440 291
881 577
623 849
524 780
359 310
746 114
398 325
149 693
65 541
587 257
464 461
590 160
800 306
488 159
299 68
977 344
452 230
239 17
215 170
506 692
329 303
365 442
425 623
194 830
140 246
50 834
893 201
974 94
116 550
341 405
716 790
17 696
176 258
110 699
662 972
920 144
26 486
191 128
797 666
152 97
401 267
485 847
956 304
86 680
953 438
743 668
62 573
251 894
566 523
98 958
311 800
335 85
44 402
221 76
185 254
125 744
356 715
410 792
500 175
650 885
569 375
434 629
209 264
827 133
533 859
374 169
440 454
881 488
623 604
524 296
359 770
746 921
398 967
149 948
65 414
587 938
464 28
590 794
800 651
488 515
299 51
977 286
452 384
239 777
215 593
506 669
329 811
365 709
425 361
194 288
140 860
50 407
893 269
974 326
116 931
341 356
716 95
17 788
176 220
110 628
662 26
920 318
26 24
191 839
797 394
152 166
401 737
485 46
956 93
86 312
953 590
743 952
62 369
251 198
566 377
98 108
311 891
335 806
44 516
221 289
185 101
125 222
356 107
410 653
500 991
650 678
569 959
434 41
209 897
827 240
533 403
374 314
440 69
881 582
623 45
524 852
359 497
746 752
398 625
149 309
65 873
587 510
464 855
590 214
800 197
488 139
299 293
977 56
452 479
239 456
215 964
506 234
329 969
365 427
425 44
194 614
140 682
50 914
893 298
974 249
116 551
341 643
716 605
17 534
176 585
110 759
662 297
920 11
26 736
191 805
797 278
152 474
401 263
485 892
956 47
86 331
953 127
743 428
62 282
251 429
566 520
98 244
311 358
335 571
44 418
221 893
185 285
125 146
356 962
410 755
500 342
650 751
569 387
434 494
209 38
827 183
533 795
374 889
440 330
881 886
623 613
524 444
359 102
746 460
398 919
149 491
65 321
587 738
464 284
590 905
800 150
488 917
299 15
977 691
452 65
239 627
215 785
506 503
329 186
365 512
425 334
194 841
140 870
50 793
893 413
974 700
116 213
341 956
716 324
17 455
176 726
110 419
662 134
920 100
26 981
191 292
797 815
152 664
401 618
485 637
956 174
86 647
953 560
743 791
62 934
251 73
566 537
98 302
311 204
335 808
44 992
221 916
185 774
125 876
356 227
410 300
500 725
650 181
569 319
434 262
209 654
827 232
533 493
374 797
440 368
881 957
623 562
524 270
359 564
746 746
398 194
149 422
65 848
587 542
464 495
590 276
800 995
488 633
299 219
977 390
452 211
239 480
215 694
506 779
329 72
365 299
425 487
194 366
140 481
50 932
893 594
974 907
116 626
341 547
716 688
17 348
176 185
110 274
662 519
920 6
26 543
191 733
797 91
152 833
401 960
485 279
956 712
86 78
953 730
743 374
62 391
251 449
566 295
98 532
311 109
335 132
44 621
221 354
185 616
125 161
356 544
410 971
500 903
650 671
569 290
434 339
209 37
827 942
533 980
374 54
440 3
881 826
623 291
524 577
359 849
746 780
398 310
149 114
65 325
587 693
464 541
590 257
800 461
488 160
299 306
977 159
452 68
239 344
215 230
506 17
329 170
365 692
425 303
194 442
140 623
50 830
893 246
974 834
116 201
341 94
716 550
17 405
176 790
110 696
662 258
920 699
26 972
191 144
797 486
152 128
401 666
485 97
956 267
86 847
953 304
743 680
62 438
251 668
566 573
98 894
311 523
335 958
44 800
221 85
185 402
125 76
356 254
410 744
500 715
650 792
569 175
434 885
209 375
827 629
533 264
374 133
440 859
881 169
623 454
524 488
359 604
746 296
398 770
149 921
65 967
587 948
464 414
590 938
800 28
488 794
299 651
977 515
452 51
239 286
215 384
506 777
329 593
365 669
425 811
194 709
140 361
50 288
893 860
974 407
116 269
341 326
716 931
17 356
176 95
110 788
662 220
920 628
26 26
191 318
797 24
152 839
401 394
485 166
956 737
86 46
953 93
743 312
62 590
251 952
566 369
98 198
311 377
335 108
44 891
221 806
185 516
125 289
356 101
410 222
500 107
650 653
569 991
434 678
209 959
827 41
533 897
374 240
440 403
881 314
623 69
524 582
359 45
746 852
398 497
149 752
65 625
587 309
464 873
590 510
800 855
488 214
299 197
977 139
452 293
239 56
215 479
506 456
329 964
365 234
425 969
194 427
140 44
50 614
893 682
974 914
116 298
341 249
716 551
17 643
176 605
110 534
662 585
920 759
26 297
191 11
797 736
152 805
401 278
485 474
956 263
86 892
953 47
743 331
62 127
251 428
566 282
98 429
311 520
335 244
44 358
221 571
185 418
125 893
356 285
410 146
500 962
650 755
569 342
434 751
209 387
827 494
533 38
374 183
440 795
881 889
623 330
524 886
359 613
746 444
398 102
149 460
65 919
587 491
464 321
590 738
800 284
488 905
299 150
977 917
452 15
239 691
215 65
506 627
329 785
365 503
425 186
194 512
140 334
50 841
893 870
974 793
116 413
341 700
716 213
17 956
176 324
110 455
662 726
920 419
26 134
191 100
797 981
152 292
401 815
485 664
956 618
86 637
953 174
743 647
62 560
251 791
566 934
98 73
311 537
335 302
44 204
221 808
185 992
125 916
356 774
410 876
500 227
650 300
569 725
434 181
209 319
827 262
533 654
374 232
440 493
881 797
623 368
524 957
359 562
746 270
398 564
149 746
65 194
587 422
464 848
590 542
800 495
488 276
299 995
977 633
452 219
239 390
215 211
506 480
329 694
365 779
425 72
194 299
140 487
50 366
893 481
974 932
116 594
341 907
716 626
17 547
176 688
110 348
662 185
920 274
26 519
191 6
797 543
152 733
401 91
485 833
956 960
86 279
953 712
743 78
62 730
251 374
566 391
98 449
311 295
335 532
44 109
221 132
185 621
125 354
356 616
410 161
500 544
650 971
569 903
434 671
209 290
827 339
533 37
374 942
440 980
881 54
623 3
524 826
359 291
746 577
398 849
149 780
65 310
587 114
464 325
590 693
800 541
488 257
299 461
977 160
452 306
239 159
215 68
506 344
329 230
365 17
425 170
194 692
140 303
50 442
893 623
974 830
116 246
341 834
716 201
17 94
176 550
110 405
662 790
920 696
26 258
191 699
797 972
152 144
401 486
485 128
956 666
86 97
953 267
743 847
62 304
251 680
566 438
98 668
311 573
335 894
44 523
221 958
185 800
125 85
356 402
410 76
500 254
650 744
569 715
434 792
209 175
827 885
533 375
374 629
440 264
881 133
623 859
524 169
359 454
746 488
398 604
149 296
65 770
587 921
464 967
590 948
800 414
488 938
299 28
977 794
452 651
239 515
215 51
506 286
329 384
365 777
425 593
194 669
140 811
50 709
893 361
974 288
116 860
341 407
716 269
17 326
176 931
110 356
662 95
920 788
26 220
191 628
797 26
152 318
401 24
485 839
956 394
86 166
953 737
743 46
62 93
251 312
566 590
98 952
311 369
335 198
44 377
221 108
185 891
125 806
356 516
410 289
500 101
650 222
569 107
434 653
209 991
827 678
533 959
374 41
440 897
881 240
623 403
524 314
359 69
746 582
398 45
149 852
65 497
587 752
464 625
590 309
800 873
488 510
299 855
977 214
452 197
239 139
215 293
506 56
329 479
365 456
425 964
194 234
140 969
50 427
893 44
974 614
116 682
341 914
716 298
17 249
176 551
110 643
662 605
920 534
26 585
191 759
797 297
152 11
401 736
485 805
956 278
86 474
953 263
743 892
62 47
251 331
566 127
98 428
311 282
335 429
44 520
221 244
185 358
125 571
356 418
410 893
500 285
650 146
569 962
434 755
209 342
827 751
533 387
374 494
440 38
881 183
623 795
524 889
359 330
746 886
398 613
149 444
65 102
587 460
464 919
590 491
800 321
488 738
299 284
977 905
452 150
239 917
215 15
506 691
329 65
365 627
425 785
194 503
140 186
50 512
893 334
974 841
116 870
341 793
716 413
17 700
176 213
110 956
662 324
920 455
26 726
191 419
797 134
152 100
401 981
485 292
956 815
86 664
953 618
743 637
62 174
251 647
566 560
98 791
311 934
335 73
44 537
221 302
185 204
125 808
356 992
410 916
500 774
650 876
569 227
434 300
209 725
827 181
533 319
374 262
440 654
881 232
623 493
524 797
359 368
746 957
398 562
149 270
65 564
587 746
464 194
590 422
800 848
488 542
299 495
977 276
452 995
239 633
215 219
506 390
329 211
365 480
425 694
194 779
140 72
50 299
893 487
974 366
116 481
341 932
716 594
17 907
176 626
110 547
662 688
920 348
26 185
191 274
797 519
152 6
401 543
485 733
956 91
86 833
953 960
743 279
62 712
251 78
566 730
98 374
311 391
335 449
44 295
221 532
185 109
125 132
356 621
410 354
500 616
650 161
569 544
434 971
209 903
827 671
533 290
374 339
440 37
881 942
623 980
524 54
359 3
746 826
398 291
149 577
65 849
587 780
464 310
590 114
800 325
488 693
299 541
977 257
452 461
239 160
215 306
506 159
329 68
365 344
425 230
194 17
140 170
50 692
893 303
974 442
116 623
341 830
716 246
17 834
176 201
110 94
662 550
920 405
26 790
191 696
797 258
152 699
401 972
485 144
956 486
86 128
953 666
743 97
62 267
251 847
566 304
98 680
311 438
335 668
44 573
221 894
185 523
125 958
356 800
410 85
500 402
650 76
569 254
434 744
209 715
827 792
533 175
374 885
440 375
881 629
623 264
524 133
359 859
746 169
398 454
149 488
65 604
587 296
464 770
590 921
800 967
488 948
299 414
977 938
452 28
239 794
215 651
506 515
329 51
365 286
425 384
194 777
140 593
50 669
893 811
974 709
116 361
341 288
716 860
17 407
176 269
110 326
662 931
920 356
26 95
191 788
797 220
152 628
401 26
485 318
956 24
86 839
953 394
743 166
62 737
251 46
566 93
98 312
311 590
335 952
44 369
221 198
185 377
125 108
356 891
410 806
500 516
650 289
569 101
434 222
209 107
827 653
533 991
374 678
440 959
881 41
623 897
524 240
359 403
746 314
398 69
149 582
65 45
587 852
464 497
590 752
800 625
488 309
299 873
977 510
452 855
239 214
215 197
506 139
329 293
365 56
425 479
194 456
140 964
50 234
893 969
974 427
116 44
341 614
716 682
17 914
176 298
110 249
662 551
920 643
26 605
191 534
797 585
152 759
401 297
485 11
956 736
86 805
953 278
743 474
62 263
251 892
566 47
98 331
311 127
335 428
44 282
221 429
185 520
125 244
356 358
410 571
500 418
650 893
569 285
434 146
209 962
827 755
533 342
374 751
440 387
881 494
623 38
524 183
359 795
746 889
398 330
149 886
65 613
587 444
464 102
590 460
800 919
488 491
299 321
977 738
452 284
239 905
215 150
506 917
329 15
365 691
425 65
194 627
140 785
50 503
893 186
974 512
116 334
341 841
716 870
17 793
176 413
110 700
662 213
920 956
26 324
191 455
797 726
152 419
401 134
485 100
956 981
86 292
953 815
743 664
62 618
251 637
566 174
98 647
311 560
335 791
44 934
221 73
185 537
125 302
356 204
410 808
500 992
650 916
569 774
434 876
209 227
827 300
533 725
374 181
440 319
881 262
623 654
524 232
359 493
746 797
398 368
149 957
65 562
587 270
464 564
590 746
800 194
488 422
299 848
977 542
452 495
239 276
215 995
506 633
329 219
365 390
425 211
194 480
140 694
50 779
893 72
974 299
116 487
341 366
716 481
17 932
176 594
110 907
662 626
920 547
26 688
191 348
797 185
152 274
401 519
485 6
956 543
86 733
953 91
743 833
62 960
251 279
566 712
98 78
311 730
335 374
44 391
221 449
185 295
125 532
356 109
410 132
500 621
650 354
569 616
434 161
209 544
827 971
533 903
374 671
440 290
881 339
623 37
524 942
359 980
746 54
398 3
149 826
65 291
587 577
464 849
590 780
800 310
488 114
299 325
977 693
452 541
239 257
215 461
506 160
329 306
365 159
425 68
194 344
140 230
50 17
893 170
974 692
116 303
341 442
716 623
17 830
176 246
110 834
662 201
920 94
26 550
191 405
797 790
152 696
401 258
485 699
956 972
86 144
953 486
743 128
62 666
251 97
566 267
98 847
311 304
335 680
44 438
221 668
185 573
125 894
356 523
410 958
500 800
650 85
569 402
434 76
209 254
827 744
533 715
374 792
440 175
881 885
623 375
524 629
359 264
746 133
398 859
149 169
65 454
587 488
464 604
590 296
800 770
488 921
299 967
977 948
452 414
239 938
215 28
506 794
329 651
365 515
425 51
194 286
140 384
50 777
893 593
974 669
116 811
341 709
716 361
17 288
176 860
110 407
662 269
920 326
26 931
191 356
797 95
152 788
401 220
485 628
956 26
86 318
953 24
743 839
62 394
251 166
566 737
98 46
311 93
335 312
44 590
221 952
185 369
125 198
356 377
410 108
500 891
650 806
569 516
434 289
209 101
827 222
533 107
374 653
440 991
881 678
623 959
524 41
359 897
746 240
398 403
149 314
65 69
587 582
464 45
590 852
800 497
488 752
299 625
977 309
452 873
239 510
215 855
506 214
329 197
365 139
425 293
194 56
140 479
50 456
893 964
974 234
116 969
341 427
716 44
17 614
176 682
110 914
662 298
920 249
26 551
191 643
797 605
152 534
401 585
485 759
956 297
86 11
953 736
743 805
62 278
251 474
566 263
98 892
311 47
335 331
44 127
221 428
185 282
125 429
356 520
410 244
500 358
650 571
569 418
434 893
209 285
827 146
533 962
374 755
440 342
881 751
623 387
524 494
359 38
746 183
398 795
149 889
65 330
587 886
464 613
590 444
800 102
488 460
299 919
977 491
452 321
239 738
215 284
506 905
329 150
365 917
425 15
194 691
140 65
50 627
893 785
974 503
116 186
341 512
716 334
17 841
176 870
110 793
662 413
920 700
26 213
191 956
797 324
152 455
401 726
485 419
956 134
86 100
953 981
743 292
62 815
251 664
566 618
98 637
311 174
335 647
44 560
221 791
185 934
125 73
356 537
410 302
500 204
650 808
569 992
434 916
209 774
827 876
533 227
374 300
440 725
881 181
623 319
524 262
359 654
746 232
398 493
149 797
65 368
587 957
464 562
590 270
800 564
488 746
299 194
977 422
452 848
239 542
215 495
506 276
329 995
365 633
425 219
194 390
140 211
50 480
893 694
974 779
116 72
341 299
716 487
17 366
176 481
110 932
662 594
920 907
26 626
191 547
797 688
152 348
401 185
485 274
956 519
86 6
953 543
743 733
62 91
251 833
566 960
98 279
311 712
335 78
44 730
221 374
185 391
125 449
356 295
410 532
500 109
650 132
569 621
434 354
209 616
827 161
533 544
374 971
440 903
881 671
623 290
524 339
359 37
746 942
398 980
149 54
65 3
587 826
464 291
590 577
800 849
488 780
299 310
977 114
452 325
239 693
215 541
506 257
329 461
365 160
425 306
194 159
140 68
50 344
893 230
974 17
116 170
341 692
716 303
17 442
176 623
110 830
662 246
920 834
26 201
191 94
797 550
152 405
401 790
485 696
956 258
86 699
953 972
743 144
62 486
251 128
566 666
98 97
311 267
335 847
44 304
221 680
185 438
125 668
356 573
410 894
500 523
650 958
569 800
434 85
209 402
827 76
533 254
374 744
440 715
881 792
623 175
524 885
359 375
746 629
398 264
149 133
65 859
587 169
464 454
590 488
800 604
488 296
299 770
977 921
452 967
239 948
215 414
506 938
329 28
365 794
425 651
194 515
140 51
50 286
893 384
974 777
116 593
341 669
716 811
17 709
176 361
110 288
662 860
920 407
26 269
191 326
797 931
152 356
401 95
485 788
956 220
86 628
953 26
743 318
62 24
251 839
566 394
98 166
311 737
335 46
44 93
221 312
185 590
125 952
356 369
410 198
500 377
650 108
569 891
434 806
209 516
827 289
533 101
374 222
440 107
881 653
623 991
524 678
359 959
746 41
398 897
149 240
65 403
587 314
464 69
590 582
800 45
488 852
299 497
977 752
452 625
239 309
215 873
506 510
329 855
365 214
425 197
194 139
140 293
50 56
893 479
974 456
116 964
341 234
716 969
17 427
176 44
110 614
662 682
920 914
26 298
191 249
797 551
152 643
401 605
485 534
956 585
86 759
953 297
743 11
62 736
251 805
566 278
98 474
311 263
335 892
44 47
221 331
185 127
125 428
356 282
410 429
500 520
650 244
569 358
434 571
209 418
827 893
533 285
374 146
440 962
881 755
623 342
524 751
359 387
746 494
398 38
149 183
65 795
587 889
464 330
590 886
800 613
488 444
299 102
977 460
452 919
239 491
215 321
506 738
329 284
365 905
425 150
194 917
140 15
50 691
893 65
974 627
116 785
341 503
716 186
17 512
176 334
110 841
662 870
920 793
26 413
191 700
797 213
152 956
401 324
485 455
956 726
86 419
953 134
743 100
62 981
251 292
566 815
98 664
311 618
335 637
44 174
221 647
185 560
125 791
356 934
410 73
500 537
650 302
569 204
434 808
209 992
827 916
533 774
374 876
440 227
881 300
623 725
524 181
359 319
746 262
398 654
149 232
65 493
587 797
464 368
590 957
800 562
488 270
299 564
977 746
452 194
239 422
215 848
506 542
329 495
365 276
425 995
194 633
140 219
50 390
893 211
974 480
116 694
341 779
716 72
17 299
176 487
110 366
662 481
920 932
26 594
191 907
797 626
152 547
401 688
485 348
956 185
86 274
953 519
743 6
62 543
251 733
566 91
98 833
311 960
335 279
44 712
221 78
185 730
125 374
356 391
410 449
500 295
650 532
569 109
434 132
209 621
827 354
533 616
374 161
440 544
881 971
623 903
524 671
359 290
746 339
398 37
149 942
65 980
587 54
464 3
590 826
800 291
488 577
299 849
977 780
452 310
239 114
215 325
506 693
329 541
365 257
425 461
194 160
140 306
50 159
893 68
974 344
116 230
341 17
716 170
17 692
176 303
110 442
662 623
920 830
26 246
191 834
797 201
152 94
401 550
485 405
956 790
86 696
953 258
743 699
62 972
251 144
566 486
98 128
311 666
335 97
44 267
221 847
185 304
125 680
356 438
410 668
500 573
650 894
569 523
434 958
209 800
827 85
533 402
374 76
440 254
881 744
623 715
524 792
359 175
746 885
398 375
149 629
65 264
587 133
464 859
590 169
800 454
488 488
299 604
977 296
452 770
239 921
215 967
506 948
329 414
365 938
425 28
194 794
140 651
50 515
893 51
974 286
116 384
341 777
716 593
17 669
176 811
110 709
662 361
920 288
26 860
191 407
797 269
152 326
401 931
485 356
956 95
86 788
953 220
743 628
62 26
251 318
566 24
98 839
311 394
335 166
44 737
221 46
185 93
125 312
356 590
410 952
500 369
650 198
569 377
434 108
209 891
827 806
533 516
374 289
440 101
881 222
623 107
524 653
359 991
746 678
398 959
149 41
65 897
587 240
464 403
590 314
800 69
488 582
299 45
977 852
452 497
239 752
215 625
506 309
329 873
365 510
425 855
194 214
140 197
50 139
893 293
974 56
116 479
341 456
716 964
17 234
176 969
110 427
662 44
920 614
26 682
191 914
797 298
152 249
401 551
485 643
956 605
86 534
953 585
743 759
62 297
251 11
566 736
98 805
311 278
335 474
44 263
221 892
185 47
125 331
356 127
410 428
500 282
650 429
569 520
434 244
209 358
827 571
533 418
374 893
440 285
881 146
623 962
524 755
359 342
746 751
398 387
149 494
65 38
587 183
464 795
590 889
800 330
488 886
299 613
977 444
452 102
239 460
215 919
506 491
329 321
365 738
425 284
194 905
140 150
50 917
893 15
974 691
116 65
341 627
716 785
17 503
176 186
110 512
662 334
920 841
26 870
191 793
797 413
152 700
401 213
485 956
956 324
86 455
953 726
743 419
62 134
251 100
566 981
98 292
311 815
335 664
44 618
221 637
185 174
125 647
356 560
410 791
500 934
650 73
569 537
434 302
209 204
827 808
533 992
374 916
440 774
881 876
623 227
524 300
359 725
746 181
398 319
149 262
65 654
587 232
464 493
590 797
800 368
488 957
299 562
977 270
452 564
239 746
215 194
506 422
329 848
365 542
425 495
194 276
140 995
50 633
893 219
974 390
116 211
341 480
716 694
17 779
176 72
110 299
662 487
920 366
26 481
191 932
797 594
152 907
401 626
485 547
956 688
86 348
953 185
743 274
62 519
251 6
566 543
98 733
311 91
335 833
44 960
221 279
185 712
125 78
356 730
410 374
500 391
650 449
569 295
434 532
209 109
827 132
533 621
374 354
440 616
881 161
623 544
524 971
359 903
746 671
398 290
149 339
65 37
587 942
464 980
590 54
800 3
488 826
299 291
977 577
452 849
239 780
215 310
506 114
329 325
365 693
425 541
194 257
140 461
50 160
893 306
974 159
116 68
341 344
716 230
17 17
176 170
110 692
662 303
920 442
26 623
191 830
797 246
152 834
401 201
485 94
956 550
86 405
953 790
743 696
62 258
251 699
566 972
98 144
311 486
335 128
44 666
221 97
185 267
125 847
356 304
410 680
500 438
650 668
569 573
434 894
209 523
827 958
533 800
374 85
440 402
881 76
623 254
524 744
359 715
746 792
398 175
149 885
65 375
587 629
464 264
590 133
800 859
488 169
299 454
977 488
452 604
239 296
215 770
506 921
329 967
365 948
425 414
194 938
140 28
50 794
893 651
974 515
116 51
341 286
716 384
17 777
176 593
110 669
662 811
920 709
26 361
191 288
797 860
152 407
401 269
485 326
956 931
86 356
953 95
743 788
62 220
251 628
566 26
98 318
311 24
335 839
44 394
221 166
185 737
125 46
356 93
410 312
500 590
650 952
569 369
434 198
209 377
827 108
533 891
374 806
440 516
881 289
623 101
524 222
359 107
746 653
398 991
149 678
65 959
587 41
464 897
590 240
800 403
488 314
299 69
977 582
452 45
239 852
215 497
506 752
329 625
365 309
425 873
194 510
140 855
50 214
893 197
974 139
116 293
341 56
716 479
17 456
176 964
110 234
662 969
920 427
26 44
191 614
797 682
152 914
401 298
485 249
956 551
86 643
953 605
743 534
62 585
251 759
566 297
98 11
311 736
335 805
44 278
221 474
185 263
125 892
356 47
410 331
500 127
650 428
569 282
434 429
209 520
827 244
533 358
374 571
440 418
881 893
623 285
524 146
359 962
746 755
398 342
149 751
65 387
587 494
464 38
590 183
800 795
488 889
299 330
977 886
452 613
239 444
215 102
506 460
329 919
365 491
425 321
194 738
140 284
50 905
893 150
974 917
116 15
341 691
716 65
17 627
176 785
110 503
662 186
920 512
26 334
191 841
797 870
152 793
401 413
485 700
956 213
86 956
953 324
743 455
62 726
251 419
566 134
98 100
311 981
335 292
44 815
221 664
185 618
125 637
356 174
410 647
500 560
650 791
569 934
434 73
209 537
827 302
533 204
374 808
440 992
881 916
623 774
524 876
359 227
746 300
398 725
149 181
65 319
587 262
464 654
590 232
800 493
488 797
299 368
977 957
452 562
239 270
215 564
506 746
329 194
365 422
425 848
194 542
140 495
50 276
893 995
974 633
116 219
341 390
716 211
17 480
176 694
110 779
662 72
920 299
26 487
191 366
797 481
152 932
401 594
485 907
956 626
86 547
953 688
743 348
62 185
251 274
566 519
98 6
311 543
335 733
44 91
221 833
185 960
125 279
356 712
410 78
500 730
650 374
569 391
434 449
209 295
827 532
533 109
374 132
440 621
881 354
623 616
524 161
359 544
746 971
398 903
149 671
65 290
587 339
464 37
590 942
800 980
488 54
299 3
977 826
452 291
239 577
215 849
506 780
329 310
365 114
425 325
194 693
140 541
50 257
893 461
974 160
116 306
341 159
716 68
17 344
176 230
110 17
662 170
920 692
26 303
191 442
797 623
152 830
401 246
485 834
956 201
86 94
953 550
743 405
62 790
251 696
566 258
98 699
311 972
335 144
44 486
221 128
185 666
125 97
356 267
410 847
500 304
650 680
569 438
434 668
209 573
827 894
533 523
374 958
440 800
881 85
623 402
524 76
359 254
746 744
398 715
149 792
65 175
587 885
464 375
590 629
800 264
488 133
299 859
977 169
452 454
239 488
215 604
506 296
329 770
365 921
425 967
194 948
140 414
50 938
893 28
974 794
116 651
341 515
716 51
17 286
176 384
110 777
662 593
920 669
26 811
191 709
797 361
152 288
401 860
485 407
956 269
86 326
953 931
743 356
62 95
251 788
566 220
98 628
311 26
335 318
44 24
221 839
185 394
125 166
356 737
410 46
500 93
650 312
569 590
434 952
209 369
827 198
533 377
374 108
440 891
881 806
623 516
524 289
359 101
746 222
398 107
149 653
65 991
587 678
464 959
590 41
800 897
488 240
299 403
977 314
452 69
239 582
215 45
506 852
329 497
365 752
425 625
194 309
140 873
50 510
893 855
974 214
116 197
341 139
716 293
17 56
176 479
110 456
662 964
920 234
26 969
191 427
797 44
152 614
401 682
485 914
956 298
86 249
953 551
743 643
62 605
251 534
566 585
98 759
311 297
335 11
44 736
221 805
185 278
125 474
356 263
410 892
500 47
650 331
569 127
434 428
209 282
827 429
533 520
374 244
440 358
881 571
623 418
524 893
359 285
746 146
398 962
149 755
65 342
587 751
464 387
590 494
800 38
488 183
299 795
977 889
452 330
239 886
215 613
506 444
329 102
365 460
425 919
194 491
140 321
50 738
893 284
974 905
116 150
341 917
716 15
17 691
176 65
110 627
662 785
920 503
26 186
191 512
797 334
152 841
401 870
485 793
956 413
86 700
953 213
743 956
62 324
251 455
566 726
98 419
311 134
335 100
44 981
221 292
185 815
125 664
356 618
410 637
500 174
650 647
569 560
434 791
209 934
827 73
533 537
374 302
440 204
881 808
623 992
524 916
359 774
746 876
398 227
149 300
65 725
587 181
464 319
590 262
800 654
488 232
299 493
977 797
452 368
239 957
215 562
506 270
329 564
365 746
425 194
194 422
140 848
50 542
893 495
974 276
116 995
341 633
716 219
17 390
176 211
110 480
662 694
920 779
26 72
191 299
797 487
152 366
401 481
485 932
956 594
86 907
953 626
743 547
62 688
251 348
566 185
98 274
311 519
335 6
44 543
221 733
185 91
125 833
356 960
410 279
500 712
650 78
569 730
434 374
209 391
827 449
533 295
374 532
440 109
881 132
623 621
524 354
359 616
746 161
398 544
149 971
65 903
587 671
464 290
590 339
800 37
488 942
299 980
977 54
452 3
239 826
215 291
506 577
329 849
365 780
425 310
194 114
140 325
50 693
893 541
974 257
116 461
341 160
716 306
17 159
176 68
110 344
662 230
920 17
26 170
191 692
797 303
152 442
401 623
485 830
956 246
86 834
953 201
743 94
62 550
251 405
566 790
98 696
311 258
335 699
44 972
221 144
185 486
125 128
356 666
410 97
500 267
650 847
569 304
434 680
209 438
827 668
533 573
374 894
440 523
881 958
623 800
524 85
359 402
746 76
398 254
149 744
65 715
587 792
464 175
590 885
800 375
488 629
299 264
977 133
452 859
239 169
215 454
506 488
329 604
365 296
425 770
194 921
140 967
50 948
893 414
974 938
116 28
341 794
716 651
17 515
176 51
110 286
662 384
920 777
26 593
191 669
797 811
152 709
401 361
485 288
956 860
86 407
953 269
743 326
62 931
251 356
566 95
98 788
311 220
335 628
44 26
221 318
185 24
125 839
356 394
410 166
500 737
650 46
569 93
434 312
209 590
827 952
533 369
374 198
440 377
881 108
623 891
524 806
359 516
746 289
398 101
149 222
65 107
587 653
464 991
590 678
800 959
488 41
299 897
977 240
452 403
239 314
215 69
506 582
329 45
365 852
425 497
194 752
140 625
50 309
893 873
974 510
116 855
341 214
716 197
17 139
176 293
110 56
662 479
920 456
26 964
191 234
797 969
152 427
401 44
485 614
956 682
86 914
953 298
743 249
62 551
251 643
566 605
98 534
311 585
335 759
44 297
221 11
185 736
125 805
356 278
410 474
500 263
650 892
569 47
434 331
209 127
827 428
533 282
374 429
440 520
881 244
623 358
524 571
359 418
746 893
398 285
149 146
65 962
587 755
464 342
590 751
800 387
488 494
299 38
977 183
452 795
239 889
215 330
506 886
329 613
365 444
425 102
194 460
140 919
50 491
893 321
974 738
116 284
341 905
716 150
17 917
176 15
110 691
662 65
920 627
26 785
191 503
797 186
152 512
401 334
485 841
956 870
86 793
953 413
743 700
62 213
251 956
566 324
98 455
311 726
335 419
44 134
221 100
185 981
125 292
356 815
410 664
500 618
650 637
569 174
434 647
209 560
827 791
533 934
374 73
440 537
881 302
623 204
524 808
359 992
746 916
398 774
149 876
65 227
587 300
464 725
590 181
800 319
488 262
299 654
977 232
452 493
239 797
215 368
506 957
329 562
365 270
425 564
194 746
140 194
50 422
893 848
974 542
116 495
341 276
716 995
17 633
176 219
110 390
662 211
920 480
26 694
191 779
797 72
152 299
401 487
485 366
956 481
86 932
953 594
743 907
62 626
251 547
566 688
98 348
311 185
335 274
44 519
221 6
185 543
125 733
356 91
410 833
500 960
650 279
569 712
434 78
209 730
827 374
533 391
374 449
440 295
881 532
623 109
524 132
359 621
746 354
398 616
149 161
65 544
587 971
464 903
590 671
800 290
488 339
299 37
977 942
452 980
239 54
215 3
506 826
329 291
365 577
425 849
194 780
140 310
50 114
893 325
974 693
116 541
341 257
716 461
17 160
176 306
110 159
662 68
920 344
26 230
191 17
797 170
152 692
401 303
485 442
956 623
86 830
953 246
743 834
62 201
251 94
566 550
98 405
311 790
335 696
44 258
221 699
185 972
125 144
356 486
410 128
500 666
650 97
569 267
434 847
209 304
827 680
533 438
374 668
440 573
881 894
623 523
524 958
359 800
746 85
398 402
149 76
65 254
587 744
464 715
590 792
800 175
488 885
299 375
977 629
452 264
239 133
215 859
506 169
329 454
365 488
425 604
194 296
140 770
50 921
893 967
974 948
116 414
341 938
716 28
17 794
176 651
110 515
662 51
920 286
26 384
191 777
797 593
152 669
401 811
485 709
956 361
86 288
953 860
743 407
62 269
251 326
566 931
98 356
311 95
335 788
44 220
221 628
185 26
125 318
356 24
410 839
500 394
650 166
569 737
434 46
209 93
827 312
533 590
374 952
440 369
881 198
623 377
524 108
359 891
746 806
398 516
149 289
65 101
587 222
464 107
590 653
800 991
488 678
299 959
977 41
452 897
239 240
215 403
506 314
329 69
365 582
425 45
194 852
140 497
50 752
893 625
974 309
116 873
341 510
716 855
17 214
176 197
110 139
662 293
920 56
26 479
191 456
797 964
152 234
401 969
485 427
956 44
86 614
953 682
743 914
62 298
251 249
566 551
98 643
311 605
335 534
44 585
221 759
185 297
125 11
356 736
410 805
500 278
650 474
569 263
434 892
209 47
827 331
533 127
374 428
440 282
881 429
623 520
524 244
359 358
746 571
398 418
149 893
65 285
587 146
464 962
590 755
800 342
488 751
299 387
977 494
452 38
239 183
215 795
506 889
329 330
365 886
425 613
194 444
140 102
50 460
893 919
974 491
116 321
341 738
716 284
17 905
176 150
110 917
662 15
920 691
26 65
191 627
797 785
152 503
401 186
485 512
956 334
86 841
953 870
743 793
62 413
251 700
566 213
98 956
311 324
335 455
44 726
221 419
185 134
125 100
356 981
410 292
500 815
650 664
569 618
434 637
209 174
827 647
533 560
374 791
440 934
881 73
623 537
524 302
359 204
746 808
398 992
149 916
65 774
587 876
464 227
590 300
800 725
488 181
299 319
977 262
452 654
239 232
215 493
506 797
329 368
365 957
425 562
194 270
140 564
50 746
893 194
974 422
116 848
341 542
716 495
17 276
176 995
110 633
662 219
920 390
26 211
191 480
797 694
152 779
401 72
485 299
956 487
86 366
953 481
743 932
62 594
251 907
566 626
98 547
311 688
335 348
44 185
221 274
185 519
125 6
356 543
410 733
500 91
650 833
569 960
434 279
209 712
827 78
533 730
374 374
440 391
881 449
623 295
524 532
359 109
746 132
398 621
149 354
65 616
587 161
464 544
590 971
800 903
488 671
299 290
977 339
452 37
239 942
215 980
506 54
329 3
365 826
425 291
194 577
140 849
50 780
893 310
974 114
116 325
341 693
716 541
17 257
176 461
110 160
662 306
920 159
26 68
191 344
797 230
152 17
401 170
485 692
956 303
86 442
953 623
743 830
62 246
251 834
566 201
98 94
311 550
335 405
44 790
221 696
185 258
125 699
356 972
410 144
500 486
650 128
569 666
434 97
209 267
827 847
533 304
374 680
440 438
881 668
623 573
524 894
359 523
746 958
398 800
149 85
65 402
587 76
464 254
590 744
800 715
488 792
299 175
977 885
452 375
239 629
215 264
506 133
329 859
365 169
425 454
194 488
140 604
50 296
893 770
974 921
116 967
341 948
716 414
17 938
176 28
110 794
662 651
920 515
26 51
191 286
797 384
152 777
401 593
485 669
956 811
86 709
953 361
743 288
62 860
251 407
566 269
98 326
311 931
335 356
44 95
221 788
185 220
125 628
356 26
410 318
500 24
650 839
569 394
434 166
209 737
827 46
533 93
374 312
440 590
881 952
623 369
524 198
359 377
746 108
398 891
149 806
65 516
587 289
464 101
590 222
800 107
488 653
299 991
977 678
452 959
239 41
215 897
506 240
329 403
365 314
425 69
194 582
140 45
50 852
893 497
974 752
116 625
341 309
716 873
17 510
176 855
110 214
662 197
920 139
26 293
191 56
797 479
152 456
401 964
485 234
956 969
86 427
953 44
743 614
62 682
251 914
566 298
98 249
311 551
335 643
44 605
221 534
185 585
125 759
356 297
410 11
500 736
650 805
569 278
434 474
209 263
827 892
533 47
374 331
440 127
881 428
623 282
524 429
359 520
746 244
398 358
149 571
65 418
587 893
464 285
590 146
800 962
488 755
299 342
977 751
452 387
239 494
215 38
506 183
329 795
365 889
425 330
194 886
140 613
50 444
893 102
974 460
116 919
341 491
716 321
17 738
176 284
110 905
662 150
920 917
26 15
191 691
797 65
152 627
401 785
485 503
956 186
86 512
953 334
743 841
62 870
251 793
566 413
98 700
311 213
335 956
44 324
221 455
185 726
125 419
356 134
410 100
500 981
650 292
569 815
434 664
209 618
827 637
533 174
374 647
440 560
881 791
623 934
524 73
359 537
746 302
398 204
149 808
65 992
587 916
464 774
590 876
800 227
488 300
299 725
977 181
452 319
239 262
215 654
506 232
329 493
365 797
425 368
194 957
140 562
50 270
893 564
974 746
116 194
341 422
716 848
17 542
176 495
110 276
662 995
920 633
26 219
191 390
797 211
152 480
401 694
485 779
956 72
86 299
953 487
743 366
62 481
251 932
566 594
98 907
311 626
335 547
44 688
221 348
185 185
125 274
356 519
410 6
500 543
650 733
569 91
434 833
209 960
827 279
533 712
374 78
440 730
881 374
623 391
524 449
359 295
746 532
398 109
149 132
65 621
587 354
464 616
590 161
800 544
488 971
299 903
977 671
452 290
239 339

